163842
119657
109762
144196
171251
109820
169344
135232
177309
179772
135902
177897
134174
164584
158423
119159
121460
100565
195068
119327
152032
162944
119261
172826
159636
196120
129666
129031
198905
198890
125646
180182
170892
142290
103331
112147
174410
168519
178381
194297
197163
192410
198209
189090
150684
179380
174106
168622
133676
152757
107175
172983
125482
145545
127564
123337
197442
101371
185845
159729
162769
151618
107683
177453
106191
163242
100297
131392
113287
155483
179414
119856
165421
139187
129638
103194
155667
138007
133264
142347
115646
116809
143296
105418
147918
185212
186136
168939
176068
109384
112189
138591
165837
111461
104593
169380
116528
178121
136819
151196
148411
117827
114104
170489
155313
183720
181701
142093
133896
106260
164791
164615
170655
194322
156712
189515
140172
164418
120900
173833
146242
134240
173608
155225
150313
134019
135185
152093
186052
118298
104465
125392
133540
128934
137488
160718
102536
123318
187678
120838
121479
189531
161681
118611
131403
153694
118966
181920
119695
169236
111177
104230
139148
144119
112351
171869
142768
108300
182503
177519
167370
136928
167555
157640
165858
126404
101787
118472
149692
193428
104791
154296
143022
123607
139843
151393
172161
143055
192423
112123
199890
111832
193988
107043
156119
160479
135915
140206
131829
193617
133388
149632
179264
166903
144161
190988
141215
149947
108710
160862
104524
115583
183988
117527
194442
128448
151531
192614
157236
102217
174608
128879
140623
196350
176865
138726
116265
136854
189583
103486
154685
145434
199080
104443
132041
125612
112351
122554
128385
128785
151884
166931
116075
103056
121871
175167
124972
164113
109388
180965
143857
135569
123275
186493
123863
174030
109221
199663
159476
111823
199647
151716
187871
166033
171395
116310
133254
106921
176711
191428
185870
143254
156907
142655
149360
151987
154157
139300
190885
105837
111613
139743
147492
123369
147316
108755
197375
181063
112452
167566
172090
135680
153288
172692
176840
122847
160622
166939
121848
175664
105324
188774
123200
157791
148803
143155
161476
125221
162898
139166
104800
168645
103419
194137
183214
124117
141862
110819
109554
160708
179334
165922
111009
132527
185648
114545
178593
177042
152281
174670
146554
166233
147384
127832
183917
126761
103085
156859
195575
139227
125255
191300
109517
102233
134120
110588
112556
175390
198877
103881
169908
109526
178565
102036
141545
119088
153747
163787
145555
122410
155906
167923
198679
129563
117537
103791
100627
190521
110074
184233
101281
109499
133578
112395
133385
102422
178657
121316
128719
193349
182834
186021
183544
117249
181640
144308
155714
126154
136110
111292
192304
133235
198943
184862
129318
117275
134301
101118
171128
158925
168902
126627
134212
195010
169546
193194
123395
170227
144354
184382
112000
155136
161937
115742
121164
192529
154484
189247
196864
104132
134385
184239
198048
170271
188175
184689
139474
121320
141965
171572
155624
100719
119318
158479
164818
151568
199521
151580
134884
126475
105901
175499
102226
189091
118555
148434
110911
173086
158570
140622
128332
197886
199633
166980
143496
104890
144017
171994
165483
171930
136437
103041
113276
106175
179304
185262
105872
154718
111758
167776
136750
118915
114287
183911
140378
135923
135776
177614
132964
111167
135424
138434
147774
170967
121339
121796
135416
124636
141578
183196
165790
160000
126396
178133
115778
125079
122846
176791
129918
123922
119342
189762
135060
153326
116883
172197
179672
136873
149620
183012
123848
177024
173163
165272
152821
112569
155925
154523
177273
123595
142071
124905
192133
142078
187258
136751
132264
132199
165524
132081
171516
198443
106176
137140
136864
168472
163521
165114
191410
163187
129556
190761
120093
101508
188683
175317
104189
181099
103845
195342
147561
117185
173792
158719
110877
149222
147016
151325
136227
164545
169964
129899
163778
144349
198114
179226
177445
162089
115428
103263
179778
132955
142365
138007
141021
147313
174193
187473
191496
152858
193936
154495
171553
117604
182279
173273
127947
175485
130902
192487
115377
127563
139713
158676
112142
176790
166344
149351
175832
193188
125556
173226
186357
181491
174434
103196
120349
109464
184608
111821
192411
142758
168708
177937
167606
149755
100548
195271
164540
140084
194028
145039
144779
185107
112165
127061
146741
131210
100778
125720
169461
171309
160065
130401
114752
127317
194164
152982
129277
116242
145746
191329
158769
162503
119583
185861
107394
199926
112610
129335
196391
136311
122530
104522
184838
113906
147916
103605
136915
134401
189452
190307
172611
109864
106971
139328
188689
146296
175123
104695
195442
143234
106578
131923
111011
190178
125923
188656
195888
114111
192995
125800
190085
104086
195811
121323
114823
166027
184096
171858
104173
137039
101643
135563
194376
112416
130511
124181
173820
185109
106178
127678
189104
134251
101850
174369
182339
184547
109041
158930
123605
130719
120893
112541
165431
152441
102044
193747
160213
120454
142270
181955
181462
186431
111005
159520
180816
178630
128320
158635
121296
159044
142720
151425
155420
172535
191697
172639
144436
197817
135644
108264
137485
176519
125360
138911
103837
160418
185694
159646
185807
120807
173641
117527
116122
158636
163829
192222
121607
181955
104903
111161
101622
167927
169622
169035
122961
174971
120440
115675
139836
197079
159204
120209
125393
111998
132105
134494
134320
163271
135440
190594
129833
161945
148582
117826
132095
189193
150249
158248
116592
171485
100563
186124
102134
150952
154461
195960
135221
179202
134695
124395
117532
140248
194693
102483
146763
169361
100950
134692
149800
176264
156680
172843
156906
102098
101948
181808
136713
122095
121040
100344
135965
191362
124063
121214
183756
138595
160391
146210
164938
109418
105423
103253
106720
139219
149931
139927
194967
107334
154858
139780
157619
113357
141830
195324
194020
152273
144218
126554
139399
132291
111081
155432
131152
104508
125153
182103
127662
179719
197486
154826
108013
137778
111663
112200
134712
139419
105171
108008
158876
131877
136479
161887
125773
146862
195418
106322
157343
102370
178951
177342
190364
111273
178933
146149
111124
199804
177406
162020
190579
154224
199777
184532
152387
138335
128648
102828
188780
176867
120096
109851
126483
156322
163872
166680
168610
139944
110552
184286
168665
170290
165739
159008
121331
143842
178937
177387
168668
175691
148284
188299
177441
127800
170844
122646
173527
161132
198108
100232
135971
163730
160496
155754
125520
163482
187085
148235
167291
173848
159565
159747
122956
105984
167103
171553
151003
163313
107031
102615
180918
139561
123549
169314
199879
109646
116944
119395
107379
186314
191441
135470
196627
166270
199421
100118
123630
129850
195942
154270
142294
127225
179441
153899
199795
182439
157705
154200
187054
146675
115922
186098
151132
100250
113117
119348
181133
129776
178289
145448
142103
116825
165904
137979
198288
143605
185148
152458
141108
190151
128198
147934
136146
137129
159513
185930
194735
184778
130934
129063
184894
107755
113105
174018
106984
151553
168707
182890
154964
174911
179815
123390
116994
178646
171241
113933
150097
185123
187992
170818
193952
101198
138028
142459
127079
191952
119513
196068
142669
128364
148676
137744
152707
162861
173502
154927
195270
101415
174096
153599
150001
191822
129295
138069
136796
183186
176376
177322
121677
135938
115493
160320
146095
190394
125038
196795
198890
163882
193368
102820
161807
196709
154165
136841
197365
195993
187561
100384
112716
122513
148540
189580
179821
182898
158823
186289
148136
117608
160163
131635
169250
109329
190605
150161
155772
177603
135081
121624
121750
193419
104120
132007
193764
125067
196797
108088
188180
166830
130556
125064
199257
151815
187083
104095
184778
183224
171315
108036
185203
169651
167698
161412
123465
180774
110725
133666
135681
127246
136606
187228
144042
117567
171654
148195
190499
108916
143342
174133
148970
105495
109036
160729
147122
121935
183044
105505
160414
195807
104763
108872
135183
189764
185599
172370
198345
123667
184133
122772
148468
144550
146013
174582
107068
119278
180496
154813
152635
188331
153397
179400
132844
139494
147404
192913
161181
113849
104610
135011
170828
163296
114097
113578
130088
150545
114671
180952
169587
119349
199995
188179
143673
199237
166363
168891
169056
152649
192588
106667
156560
124623
183911
154623
197021
127109
120219
151755
167934
140543
134249
152486
173483
163197
166975
132565
119387
123616
103923
113801
177447
144714
176009
155674
152204
180228
138056
139355
120152
138907
167106
195094
103651
104293
146825
109721
189655
117096
131663
124698
197757
130897
182779
198322
176101
110836
114036
192064
119453
108760
155732
147851
169285
106534
164860
161601
112975
122746
102786
100760
173192
138808
121426
136859
173597
194357
131690
131355
121542
109700
127926
171515
106790
182781
106431
155603
133217
173838
155833
152867
119628
161704
139953
169295
117645
123456
130596
135186
157545
118336
175223
195395
199705
151058
190308
115077
139488
196928
184963
149319
193623
164536
136236
104449
164593
120068
141871
142635
156657
142622
199409
138415
150067
104996
126569
191243
158222
192780
196581
180371
133565
124972
133072
143299
140714
123367
167140
115929
107348
153350
192193
113462
136777
162833
180218
125026
108678
146117
188510
119650
144577
190509
194963
177268
101579
142442
133334
128856
156714
110132
129353
108926
150049
131585
145839
136509
126242
186856
128505
126700
178369
117282
133902
104810
180456
128428
146293
121995
168893
118385
139009
136989
117156
154561
158839
192580
170384
132572
131300
110182
159048
189188
181142
181850
118258
185572
163175
130423
116693
178241
194919
171658
116781
125503
104675
135254
146671
161720
118229
159494
183736
150727
168052
178135
194270
106177
158845
149173
172374
147125
162021
173690
148998
181496
129890
188526
167954
154481
106863
173456
133065
143916
140475
123008
164804
153137
108997
198151
126707
168699
183596
155184
101556
169506
126507
141215
187703
189605
132993
115876
172681
105590
115246
106922
158471
116614
124003
199158
104622
191030
121813
157949
179123
112889
189636
146868
148517
156500
148108
142821
122442
146547
110059
199744
192795
152528
155174
170063
161265
116992
140838
151549
193418
149872
153890
117772
188142
139063
199899
113001
179293
143625
123215
182228
182437
178206
176189
179317
170884
148389
127672
102347
126430
132789
183553
195791
138245
105504
158676
175948
164288
167597
140788
197838
166715
145034
199194
173047
125411
170243
149484
171611
110238
180811
155631
185533
112383
188505
145230
171390
144503
156694
169364
174263
176954
130716
191528
173531
126486
122982
101281
128287
107365
142230
108845
117474
162001
186473
191635
155513
188582
127831
180798
110498
189061
166383
141834
175893
185300
191434
101378
116633
163737
169666
156246
166584
115919
145521
134553
164828
195394
159174
103597
152261
117203
102250
147692
167273
118436
122145
104395
102210
114396
141599
123758
125812
143863
106916
107210
185628
168016
163281
190232
184337
120516
170697
154757
162591
122249
127644
178028
140289
198513
184709
195301
111353
162876
102047
106184
139489
101818
117799
153682
190892
182242
124525
120783
124747
190513
177983
158674
186896
165034
137695
170220
122362
138955
106510
191671
103863
189207
128415
140390
110119
173035
198901
190872
130744
143237
151150
113093
147496
193458
124767
136974
108175
117670
122285
190982
115457
195856
150146
161538
126772
137813
188641
185271
124919
171047
120103
161265
188808
158796
166921
121336
159911
104434
128929
134807
138458
186424
156515
141251
175188
131512
113484
121767
131358
184357
144086
140941
178812
109516
190668
180630
194394
124577
160088
135812
163045
197339
194518
117806
145660
169875
155446
176388
172640
148548
170817
137688
166772
189944
116076
151852
134428
181794
108639
171085
104944
111518
125224
181472
147866
175857
102844
141054
155221
149714
179015
172987
150115
133388
171955
160986
127158
184555
138309
150451
101094
119303
140875
143041
176124
181192
185550
130982
109754
137913
115036
134229
149183
188502
105404
120389
133693
178122
184770
184011
114649
111423
145763
162793
186800
179329
113973
155563
162140
174501
178150
159517
159640
171353
140638
199145
139425
189461
113791
176382
127220
162474
137727
149596
102911
129190
176273
105154
176784
157669
156280
161038
170375
117992
149765
189708
160203
153636
113372
125011
196452
130331
191843
185260
146307
185627
188142
107599
142635
135801
131250
110076
198293
110885
162078
194706
188312
188180
131824
103226
173405
167309
151938
106783
154135
160070
199971
174348
157182
151415
145453
119026
112216
151864
113145
108134
138152
132164
165003
149737
110003
137720
184231
113979
168925
141600
159588
158483
184085
158428
181047
116864
134747
133062
145449
143177
155964
192854
197054
150023
141774
175081
158230
125624
154979
163301
198440
159750
179419
146595
104064
125431
162837
139260
176774
195176
113907
159079
138135
130838
100547
150644
105569
118135
149229
121806
197809
151786
163520
158609
162781
105290
113260
177741
139032
174600
181006
145599
153893
186935
154602
127973
183498
188674
120314
102532
178505
199459
198529
114073
132037
194995
121050
186104
161811
134784
138270
124043
182600
123767
199279
164697
152279
107482
117481
111774
198491
111544
166704
160684
176898
114329
121892
152965
106385
106319
118997
132308
104379
165841
119343
139762
112491
132115
137423
124034
126572
136332
144589
194729
182842
100341
194981
156313
111445
167176
179805
188665
191631
127939
132124
165036
157669
108645
151335
164995
124725
158906
125623
164399
162709
170478
187283
199901
180288
126782
182604
119180
161250
165319
190163
188370
186533
100210
130761
183554
196460
164328
170829
182029
105820
138791
154678
138397
116155
140106
118075
116677
167314
100820
148017
133278
147332
175832
140088
134310
186986
121056
195259
155504
142337
119976
153285
183777
165139
192677
161785
119560
108631
117369
137936
134229
101648
196310
140021
196326
147926
181030
112227
105760
158829
147620
153191
115021
163551
196470
155513
133466
198705
170728
107407
128620
133697
140669
117640
124753
103202
185687
114701
133110
110727
191919
181760
135602
134142
179410
176378
138704
197455
115737
198044
123775
162534
158754
170679
182515
128350
112828
166933
129170
174745
181158
113779
146777
108161
165527
118245
150507
109992
119295
160076
112919
193847
149793
116304
197812
189285
129773
189390
174413
183533
192393
194998
124675
124360
114948
103404
162282
179531
184251
161850
183242
181480
172874
181944
131263
181589
150896
180883
136117
184782
177935
162726
179846
111619
119255
129683
117875
184094
154621
199470
147004
185814
195417
152667
138486
194051
133164
163213
124976
124786
144610
151268
195116
174418
109598
152735
149290
182085
111885
167799
187342
162723
130574
129292
118865
193737
152336
154788
171210
149936
151090
129502
111761
199920
121323
106172
178249
173426
160798
181588
129527
162694
119214
158330
197028
129776
192842
105445
113964
156601
143761
129722
164615
182307
110477
141141
177701
141478
145215
159451
198772
139018
180560
106924
165626
167377
129499
128520
151416
157660
133902
176316
168832
119062
124674
123826
184170
144913
121805
173657
116371
162764
132193
170151
171510
176464
146295
136863
125522
172199
178143
153311
137364
105914
152017
193381
109980
131789
143279
170135
110941
159896
160902
139530
185818
103194
141150
141617
179610
120414
181352
173743
122027
153253
147991
100443
161604
186692
178995
110116
123194
138180
181290
191931
112299
147659
188903
186503
177879
127499
129123
137225
186668
158943
194394
110960
156400
116205
118223
139366
164778
117759
169181
146296
123445
103779
104683
151769
101453
164740
156651
163246
193925
163845
142282
189223
130588
145956
118273
162283
137534
126762
188694
175586
187006
190359
157813
143261
139630
174092
171213
182915
159491
122327
108838
137634
135266
164267
129907
125042
147654
150911
186811
172519
179101
137041
169647
101510
132795
163650
111110
176985
136399
112374
193624
189740
165120
139045
196620
152658
109246
180272
178438
138646
142525
170479
154776
118955
126456
157166
131283
173144
151888
123330
119745
120036
154680
188682
117578
120297
156248
162840
171364
169041
103969
107433
174640
150588
115801
173562
112085
190409
170094
136537
114747
162426
104135
167260
139664
140519
119063
150421
199445
174763
108274
154222
194992
195558
130783
189789
187652
178642
173988
141124
157630
120406
126545
197342
108620
127841
171353
185131
128877
149592
186804
102131
130209
111173
141887
152345
137279
189275
105643
117114
143528
186017
120304
174842
152243
166656
133291
126837
132207
166054
143480
199217
145794
179570
176012
159127
117727
107277
145019
170353
144006
135030
171594
143695
115714
180933
118913
135253
121982
131389
133453
135015
154706
144554
139734
185760
185629
181220
124558
110869
150492
146280
137186
156911
187611
169756
144311
139413
162503
143589
140522
165406
132953
134287
192787
148197
175694
185291
157359
138635
147834
135393
185451
184862
154132
175320
154756
132414
141511
150100
182417
136410
197878
129078
160380
147859
140777
129156
102351
133168
127782
196274
100133
158050
100803
130635
126693
173266
178800
154415
185552
187824
162009
197303
133679
117548
194120
171683
175027
108975
150630
194396
184620
142154
180952
104545
147925
164477
178928
170705
101748
183764
179260
118060
166555
120200
110580
177884
150129
120146
119684
163053
152208
112637
185745
160274
176467
170432
171160
183672
136617
155097
195328
197398
173426
141314
135116
162849
